+----------------------------------------------------------------------------------------------------------------------------------------------------------------------------------------------------------------+
; Legal Partition Candidates                                                                                                                                                                                     ;
+-----------+-------+----------------+--------------+----------------+--------+-----------------+---------------+-----------------+-------+----------------+--------------+------------------+-------------------+
; Hierarchy ; Input ; Constant Input ; Unused Input ; Floating Input ; Output ; Constant Output ; Unused Output ; Floating Output ; Bidir ; Constant Bidir ; Unused Bidir ; Input only Bidir ; Output only Bidir ;
+-----------+-------+----------------+--------------+----------------+--------+-----------------+---------------+-----------------+-------+----------------+--------------+------------------+-------------------+
; shiftAr   ; 64    ; 1              ; 1            ; 1              ; 64     ; 1               ; 1             ; 1               ; 0     ; 0              ; 0            ; 0                ; 0                 ;
; shiftAl   ; 64    ; 1              ; 1            ; 1              ; 64     ; 1               ; 1             ; 1               ; 0     ; 0              ; 0            ; 0                ; 0                 ;
; sub1      ; 129   ; 128            ; 0            ; 128            ; 64     ; 128             ; 128           ; 128             ; 0     ; 0              ; 0            ; 0                ; 0                 ;
; add1      ; 129   ; 129            ; 0            ; 129            ; 64     ; 129             ; 129           ; 129             ; 0     ; 0              ; 0            ; 0                ; 0                 ;
; subB      ; 129   ; 65             ; 0            ; 65             ; 64     ; 65              ; 65            ; 65              ; 0     ; 0              ; 0            ; 0                ; 0                 ;
; subA      ; 129   ; 65             ; 0            ; 65             ; 64     ; 65              ; 65            ; 65              ; 0     ; 0              ; 0            ; 0                ; 0                 ;
; addCarry  ; 129   ; 0              ; 0            ; 0              ; 64     ; 0               ; 0             ; 0               ; 0     ; 0              ; 0            ; 0                ; 0                 ;
; add       ; 129   ; 65             ; 0            ; 65             ; 64     ; 65              ; 65            ; 65              ; 0     ; 0              ; 0            ; 0                ; 0                 ;
; invertj   ; 64    ; 127            ; 0            ; 127            ; 64     ; 127             ; 127           ; 127             ; 0     ; 0              ; 0            ; 0                ; 0                 ;
; invertB   ; 64    ; 0              ; 0            ; 0              ; 64     ; 0               ; 0             ; 0               ; 0     ; 0              ; 0            ; 0                ; 0                 ;
; invertA   ; 64    ; 0              ; 0            ; 0              ; 64     ; 0               ; 0             ; 0               ; 0     ; 0              ; 0            ; 0                ; 0                 ;
+-----------+-------+----------------+--------------+----------------+--------+-----------------+---------------+-----------------+-------+----------------+--------------+------------------+-------------------+
